[[[[2,3,4.2],[1.2,3.2]],[[2.3,1.4,8.9],[1,2]],[[1.6,8.8,3.4],[2,3]],[[2,1,2],[0.4,0.666]]],
[[[2,3,14.2],[1.2,3.2]],[[2.3,1.4,18.9],[1,2]],[[1.6,8.8,3.4],[2,3]],[[2,1,2],[0.4,0.666]]],
[[[2,3,24.2],[21.2,3.2]],[[24.3,1.4,28.9],[1,2]],[[1.6,8.8,3.4],[12,3]],[[2,1,2],[0.4,0.666]]],
[[[2,13,4.2],[1.2,3.2]],[[2.3,1.4,28.9],[1,2]],[[1.6,8.8,3.4],[2,3]],[[2,1,12],[0.4,0.666]]],
[[[2,3,4.2],[31.2,3.2]],[[12.3,1.4,38.9],[1,2]],[[1.6,8.8,3.4],[32,3]],[[2,1,2],[0.4,0.666]]],
[[[2,31,34.2],[1.2,3.2]],[[2.3,1.4,38.9],[1,2]],[[1.6,8.8,3.4],[2,33]],[[2,1,12],[0.4,0.666]]],
[[[2,3,4.2],[41.2,3.2]],[[21.3,1.4,18.9],[1,2]],[[1.6,8.8,3.4],[2,23]],[[2,1,2],[0.4,0.666]]],
[[[2,3,4.2],[1.2,3.2]],[[21.3,1.4,48.9],[1,2]],[[1.6,8.8,3.4],[2,3]],[[2,1,2],[0.4,0.666]]],
[[[2,13,54.2],[51.2,3.2]],[[22.3,1.4,58.9],[1,2]],[[1.6,8.8,3.4],[42,3]],[[2,21,2],[0.4,0.666]]],
[[[2,3,4.2],[1.2,3.2]],[[12.3,1.4,78.9],[1,2]],[[1.6,8.8,3.4],[2,3]],[[2,1,2],[0.4,0.666]]]]
[[[[2,3,4.2],[1.2,3.2]],[[2.3,1.4,8.9],[1,2]],[[1.6,8.8,3.4],[2,3]],[[2,1,2],[0.4,0.666]]],
[[[2,3,14.2],[1.2,3.2]],[[2.3,1.4,18.9],[1,2]],[[1.6,8.8,3.4],[2,3]],[[2,1,2],[0.4,0.666]]],
[[[2,3,24.2],[21.2,3.2]],[[24.3,1.4,28.9],[1,2]],[[1.6,8.8,3.4],[12,3]],[[2,1,2],[0.4,0.666]]],
[[[2,13,4.2],[1.2,3.2]],[[2.3,1.4,28.9],[1,2]],[[1.6,8.8,3.4],[2,3]],[[2,1,12],[0.4,0.666]]],
[[[2,3,4.2],[31.2,3.2]],[[12.3,1.4,38.9],[1,2]],[[1.6,8.8,3.4],[32,3]],[[2,1,2],[0.4,0.666]]],
[[[2,31,34.2],[1.2,3.2]],[[2.3,1.4,38.9],[1,2]],[[1.6,8.8,3.4],[2,33]],[[2,1,12],[0.4,0.666]]],
[[[2,3,4.2],[41.2,3.2]],[[21.3,1.4,18.9],[1,2]],[[1.6,8.8,3.4],[2,23]],[[2,1,2],[0.4,0.666]]],
[[[2,3,4.2],[1.2,3.2]],[[21.3,1.4,48.9],[1,2]],[[1.6,8.8,3.4],[2,3]],[[2,1,2],[0.4,0.666]]],
[[[2,13,54.2],[51.2,3.2]],[[22.3,1.4,58.9],[1,2]],[[1.6,8.8,3.4],[42,3]],[[2,21,2],[0.4,0.666]]],
[[[2,3,4.2],[1.2,3.2]],[[12.3,1.4,78.9],[1,2]],[[1.6,8.8,3.4],[2,3]],[[2,1,2],[0.4,0.666]]]]
[[[[2,3,4.2],[1.2,3.2]],[[2.3,1.4,8.9],[1,2]],[[1.6,8.8,3.4],[2,3]],[[2,1,2],[0.4,0.666]]],
[[[2,3,14.2],[1.2,3.2]],[[2.3,1.4,18.9],[1,2]],[[1.6,8.8,3.4],[2,3]],[[2,1,2],[0.4,0.666]]],
[[[2,3,24.2],[21.2,3.2]],[[24.3,1.4,28.9],[1,2]],[[1.6,8.8,3.4],[12,3]],[[2,1,2],[0.4,0.666]]],
[[[2,13,4.2],[1.2,3.2]],[[2.3,1.4,28.9],[1,2]],[[1.6,8.8,3.4],[2,3]],[[2,1,12],[0.4,0.666]]],
[[[2,3,4.2],[31.2,3.2]],[[12.3,1.4,38.9],[1,2]],[[1.6,8.8,3.4],[32,3]],[[2,1,2],[0.4,0.666]]],
[[[2,31,34.2],[1.2,3.2]],[[2.3,1.4,38.9],[1,2]],[[1.6,8.8,3.4],[2,33]],[[2,1,12],[0.4,0.666]]],
[[[2,3,4.2],[41.2,3.2]],[[21.3,1.4,18.9],[1,2]],[[1.6,8.8,3.4],[2,23]],[[2,1,2],[0.4,0.666]]],
[[[2,3,4.2],[1.2,3.2]],[[21.3,1.4,48.9],[1,2]],[[1.6,8.8,3.4],[2,3]],[[2,1,2],[0.4,0.666]]],
[[[2,13,54.2],[51.2,3.2]],[[22.3,1.4,58.9],[1,2]],[[1.6,8.8,3.4],[42,3]],[[2,21,2],[0.4,0.666]]],
[[[2,3,4.2],[1.2,3.2]],[[12.3,1.4,78.9],[1,2]],[[1.6,8.8,3.4],[2,3]],[[2,1,2],[0.4,0.666]]]]
[[[[2,3,4.2],[1.2,3.2]],[[2.3,1.4,8.9],[1,2]],[[1.6,8.8,3.4],[2,3]],[[2,1,2],[0.4,0.666]]],
[[[2,3,14.2],[1.2,3.2]],[[2.3,1.4,18.9],[1,2]],[[1.6,8.8,3.4],[2,3]],[[2,1,2],[0.4,0.666]]],
[[[2,3,24.2],[21.2,3.2]],[[24.3,1.4,28.9],[1,2]],[[1.6,8.8,3.4],[12,3]],[[2,1,2],[0.4,0.666]]],
[[[2,13,4.2],[1.2,3.2]],[[2.3,1.4,28.9],[1,2]],[[1.6,8.8,3.4],[2,3]],[[2,1,12],[0.4,0.666]]],
[[[2,3,4.2],[31.2,3.2]],[[12.3,1.4,38.9],[1,2]],[[1.6,8.8,3.4],[32,3]],[[2,1,2],[0.4,0.666]]],
[[[2,31,34.2],[1.2,3.2]],[[2.3,1.4,38.9],[1,2]],[[1.6,8.8,3.4],[2,33]],[[2,1,12],[0.4,0.666]]],
[[[2,3,4.2],[41.2,3.2]],[[21.3,1.4,18.9],[1,2]],[[1.6,8.8,3.4],[2,23]],[[2,1,2],[0.4,0.666]]],
[[[2,3,4.2],[1.2,3.2]],[[21.3,1.4,48.9],[1,2]],[[1.6,8.8,3.4],[2,3]],[[2,1,2],[0.4,0.666]]],
[[[2,13,54.2],[51.2,3.2]],[[22.3,1.4,58.9],[1,2]],[[1.6,8.8,3.4],[42,3]],[[2,21,2],[0.4,0.666]]],
[[[2,3,4.2],[1.2,3.2]],[[12.3,1.4,78.9],[1,2]],[[1.6,8.8,3.4],[2,3]],[[2,1,2],[0.4,0.666]]]]
[[[[2,3,4.2],[1.2,3.2]],[[2.3,1.4,8.9],[1,2]],[[1.6,8.8,3.4],[2,3]],[[2,1,2],[0.4,0.666]]],
[[[2,3,14.2],[1.2,3.2]],[[2.3,1.4,18.9],[1,2]],[[1.6,8.8,3.4],[2,3]],[[2,1,2],[0.4,0.666]]],
[[[2,3,24.2],[21.2,3.2]],[[24.3,1.4,28.9],[1,2]],[[1.6,8.8,3.4],[12,3]],[[2,1,2],[0.4,0.666]]],
[[[2,13,4.2],[1.2,3.2]],[[2.3,1.4,28.9],[1,2]],[[1.6,8.8,3.4],[2,3]],[[2,1,12],[0.4,0.666]]],
[[[2,3,4.2],[31.2,3.2]],[[12.3,1.4,38.9],[1,2]],[[1.6,8.8,3.4],[32,3]],[[2,1,2],[0.4,0.666]]],
[[[2,31,34.2],[1.2,3.2]],[[2.3,1.4,38.9],[1,2]],[[1.6,8.8,3.4],[2,33]],[[2,1,12],[0.4,0.666]]],
[[[2,3,4.2],[41.2,3.2]],[[21.3,1.4,18.9],[1,2]],[[1.6,8.8,3.4],[2,23]],[[2,1,2],[0.4,0.666]]],
[[[2,3,4.2],[1.2,3.2]],[[21.3,1.4,48.9],[1,2]],[[1.6,8.8,3.4],[2,3]],[[2,1,2],[0.4,0.666]]],
[[[2,13,54.2],[51.2,3.2]],[[22.3,1.4,58.9],[1,2]],[[1.6,8.8,3.4],[42,3]],[[2,21,2],[0.4,0.666]]],
[[[2,3,4.2],[1.2,3.2]],[[12.3,1.4,78.9],[1,2]],[[1.6,8.8,3.4],[2,3]],[[2,1,2],[0.4,0.666]]]]
[[[[2,3,4.2],[1.2,3.2]],[[2.3,1.4,8.9],[1,2]],[[1.6,8.8,3.4],[2,3]],[[2,1,2],[0.4,0.666]]],
[[[2,3,14.2],[1.2,3.2]],[[2.3,1.4,18.9],[1,2]],[[1.6,8.8,3.4],[2,3]],[[2,1,2],[0.4,0.666]]],
[[[2,3,24.2],[21.2,3.2]],[[24.3,1.4,28.9],[1,2]],[[1.6,8.8,3.4],[12,3]],[[2,1,2],[0.4,0.666]]],
[[[2,13,4.2],[1.2,3.2]],[[2.3,1.4,28.9],[1,2]],[[1.6,8.8,3.4],[2,3]],[[2,1,12],[0.4,0.666]]],
[[[2,3,4.2],[31.2,3.2]],[[12.3,1.4,38.9],[1,2]],[[1.6,8.8,3.4],[32,3]],[[2,1,2],[0.4,0.666]]],
[[[2,31,34.2],[1.2,3.2]],[[2.3,1.4,38.9],[1,2]],[[1.6,8.8,3.4],[2,33]],[[2,1,12],[0.4,0.666]]],
[[[2,3,4.2],[41.2,3.2]],[[21.3,1.4,18.9],[1,2]],[[1.6,8.8,3.4],[2,23]],[[2,1,2],[0.4,0.666]]],
[[[2,3,4.2],[1.2,3.2]],[[21.3,1.4,48.9],[1,2]],[[1.6,8.8,3.4],[2,3]],[[2,1,2],[0.4,0.666]]],
[[[2,13,54.2],[51.2,3.2]],[[22.3,1.4,58.9],[1,2]],[[1.6,8.8,3.4],[42,3]],[[2,21,2],[0.4,0.666]]],
[[[2,3,4.2],[1.2,3.2]],[[12.3,1.4,78.9],[1,2]],[[1.6,8.8,3.4],[2,3]],[[2,1,2],[0.4,0.666]]]]
[[[[2,3,4.2],[1.2,3.2]],[[2.3,1.4,8.9],[1,2]],[[1.6,8.8,3.4],[2,3]],[[2,1,2],[0.4,0.666]]],
[[[2,3,14.2],[1.2,3.2]],[[2.3,1.4,18.9],[1,2]],[[1.6,8.8,3.4],[2,3]],[[2,1,2],[0.4,0.666]]],
[[[2,3,24.2],[21.2,3.2]],[[24.3,1.4,28.9],[1,2]],[[1.6,8.8,3.4],[12,3]],[[2,1,2],[0.4,0.666]]],
[[[2,13,4.2],[1.2,3.2]],[[2.3,1.4,28.9],[1,2]],[[1.6,8.8,3.4],[2,3]],[[2,1,12],[0.4,0.666]]],
[[[2,3,4.2],[31.2,3.2]],[[12.3,1.4,38.9],[1,2]],[[1.6,8.8,3.4],[32,3]],[[2,1,2],[0.4,0.666]]],
[[[2,31,34.2],[1.2,3.2]],[[2.3,1.4,38.9],[1,2]],[[1.6,8.8,3.4],[2,33]],[[2,1,12],[0.4,0.666]]],
[[[2,3,4.2],[41.2,3.2]],[[21.3,1.4,18.9],[1,2]],[[1.6,8.8,3.4],[2,23]],[[2,1,2],[0.4,0.666]]],
[[[2,3,4.2],[1.2,3.2]],[[21.3,1.4,48.9],[1,2]],[[1.6,8.8,3.4],[2,3]],[[2,1,2],[0.4,0.666]]],
[[[2,13,54.2],[51.2,3.2]],[[22.3,1.4,58.9],[1,2]],[[1.6,8.8,3.4],[42,3]],[[2,21,2],[0.4,0.666]]],
[[[2,3,4.2],[1.2,3.2]],[[12.3,1.4,78.9],[1,2]],[[1.6,8.8,3.4],[2,3]],[[2,1,2],[0.4,0.666]]]]
[[[[2,3,4.2],[1.2,3.2]],[[2.3,1.4,8.9],[1,2]],[[1.6,8.8,3.4],[2,3]],[[2,1,2],[0.4,0.666]]],
[[[2,3,14.2],[1.2,3.2]],[[2.3,1.4,18.9],[1,2]],[[1.6,8.8,3.4],[2,3]],[[2,1,2],[0.4,0.666]]],
[[[2,3,24.2],[21.2,3.2]],[[24.3,1.4,28.9],[1,2]],[[1.6,8.8,3.4],[12,3]],[[2,1,2],[0.4,0.666]]],
[[[2,13,4.2],[1.2,3.2]],[[2.3,1.4,28.9],[1,2]],[[1.6,8.8,3.4],[2,3]],[[2,1,12],[0.4,0.666]]],
[[[2,3,4.2],[31.2,3.2]],[[12.3,1.4,38.9],[1,2]],[[1.6,8.8,3.4],[32,3]],[[2,1,2],[0.4,0.666]]],
[[[2,31,34.2],[1.2,3.2]],[[2.3,1.4,38.9],[1,2]],[[1.6,8.8,3.4],[2,33]],[[2,1,12],[0.4,0.666]]],
[[[2,3,4.2],[41.2,3.2]],[[21.3,1.4,18.9],[1,2]],[[1.6,8.8,3.4],[2,23]],[[2,1,2],[0.4,0.666]]],
[[[2,3,4.2],[1.2,3.2]],[[21.3,1.4,48.9],[1,2]],[[1.6,8.8,3.4],[2,3]],[[2,1,2],[0.4,0.666]]],
[[[2,13,54.2],[51.2,3.2]],[[22.3,1.4,58.9],[1,2]],[[1.6,8.8,3.4],[42,3]],[[2,21,2],[0.4,0.666]]],
[[[2,3,4.2],[1.2,3.2]],[[12.3,1.4,78.9],[1,2]],[[1.6,8.8,3.4],[2,3]],[[2,1,2],[0.4,0.666]]]]
[[[[2,3,4.2],[1.2,3.2]],[[2.3,1.4,8.9],[1,2]],[[1.6,8.8,3.4],[2,3]],[[2,1,2],[0.4,0.666]]],
[[[2,3,14.2],[1.2,3.2]],[[2.3,1.4,18.9],[1,2]],[[1.6,8.8,3.4],[2,3]],[[2,1,2],[0.4,0.666]]],
[[[2,3,24.2],[21.2,3.2]],[[24.3,1.4,28.9],[1,2]],[[1.6,8.8,3.4],[12,3]],[[2,1,2],[0.4,0.666]]],
[[[2,13,4.2],[1.2,3.2]],[[2.3,1.4,28.9],[1,2]],[[1.6,8.8,3.4],[2,3]],[[2,1,12],[0.4,0.666]]],
[[[2,3,4.2],[31.2,3.2]],[[12.3,1.4,38.9],[1,2]],[[1.6,8.8,3.4],[32,3]],[[2,1,2],[0.4,0.666]]],
[[[2,31,34.2],[1.2,3.2]],[[2.3,1.4,38.9],[1,2]],[[1.6,8.8,3.4],[2,33]],[[2,1,12],[0.4,0.666]]],
[[[2,3,4.2],[41.2,3.2]],[[21.3,1.4,18.9],[1,2]],[[1.6,8.8,3.4],[2,23]],[[2,1,2],[0.4,0.666]]],
[[[2,3,4.2],[1.2,3.2]],[[21.3,1.4,48.9],[1,2]],[[1.6,8.8,3.4],[2,3]],[[2,1,2],[0.4,0.666]]],
[[[2,13,54.2],[51.2,3.2]],[[22.3,1.4,58.9],[1,2]],[[1.6,8.8,3.4],[42,3]],[[2,21,2],[0.4,0.666]]],
[[[2,3,4.2],[1.2,3.2]],[[12.3,1.4,78.9],[1,2]],[[1.6,8.8,3.4],[2,3]],[[2,1,2],[0.4,0.666]]]]
[[[[2,3,4.2],[1.2,3.2]],[[2.3,1.4,8.9],[1,2]],[[1.6,8.8,3.4],[2,3]],[[2,1,2],[0.4,0.666]]],
[[[2,3,14.2],[1.2,3.2]],[[2.3,1.4,18.9],[1,2]],[[1.6,8.8,3.4],[2,3]],[[2,1,2],[0.4,0.666]]],
[[[2,3,24.2],[21.2,3.2]],[[24.3,1.4,28.9],[1,2]],[[1.6,8.8,3.4],[12,3]],[[2,1,2],[0.4,0.666]]],
[[[2,13,4.2],[1.2,3.2]],[[2.3,1.4,28.9],[1,2]],[[1.6,8.8,3.4],[2,3]],[[2,1,12],[0.4,0.666]]],
[[[2,3,4.2],[31.2,3.2]],[[12.3,1.4,38.9],[1,2]],[[1.6,8.8,3.4],[32,3]],[[2,1,2],[0.4,0.666]]],
[[[2,31,34.2],[1.2,3.2]],[[2.3,1.4,38.9],[1,2]],[[1.6,8.8,3.4],[2,33]],[[2,1,12],[0.4,0.666]]],
[[[2,3,4.2],[41.2,3.2]],[[21.3,1.4,18.9],[1,2]],[[1.6,8.8,3.4],[2,23]],[[2,1,2],[0.4,0.666]]],
[[[2,3,4.2],[1.2,3.2]],[[21.3,1.4,48.9],[1,2]],[[1.6,8.8,3.4],[2,3]],[[2,1,2],[0.4,0.666]]],
[[[2,13,54.2],[51.2,3.2]],[[22.3,1.4,58.9],[1,2]],[[1.6,8.8,3.4],[42,3]],[[2,21,2],[0.4,0.666]]],
[[[2,3,4.2],[1.2,3.2]],[[12.3,1.4,78.9],[1,2]],[[1.6,8.8,3.4],[2,3]],[[2,1,2],[0.4,0.666]]]]
